515ABC.dat
512
24





even.xsm
512
26





myfile.dat
0
28





myfile2.dat
0
29





sample2.txt
512
31





sample3.txt
0
32





ABC2.dat
512
35





even8.dat
512
43





odd8.dat
512
44





Merge.dat
512
47





eve.dat
512
49





Merge1.dat
512
51





-1
0
-1





-1
0
-1





-1
0
-1





-1
0
-1





-1
0
-1





-1
0
-1





-1
0
-1





-1
0
-1





-1
0
-1





-1
0
-1





-1
0
-1





-1
0
-1





-1
0
-1





-1
0
-1





-1
0
-1





-1
0
-1





-1
0
-1





-1
0
-1





-1
0
-1





-1
0
-1





-1
0
-1





-1
0
-1





-1
0
-1





-1
0
-1





-1
0
-1





-1
0
-1





-1
0
-1





-1
0
-1





-1
0
-1





-1
0
-1





-1
0
-1





-1
0
-1





-1
0
-1





-1
0
-1





-1
0
-1





-1
0
-1





-1
0
-1





-1
0
-1





-1
0
-1





-1
0
-1





-1
0
-1





-1
0
-1





-1
0
-1





-1
0
-1





-1
0
-1





-1
0
-1





-1
0
-1





-1
0
-1





-1
0
-1





-1
0
-1





-1
0
-1





-1
0
-1





